0 0.0
0.010101010101010102 0.0
0.020202020202020204 0.0
0.030303030303030304 0.0
0.04040404040404041 0.0
0.05050505050505051 0.0
0.060606060606060615 0.0
0.07070707070707072 0.0001
0.08080808080808081 0.0003
0.09090909090909091 0.0003
0.10101010101010101 0.0005
0.1111111111111111 0.0009
0.1212121212121212 0.0021
0.1313131313131313 0.0032
0.1414141414141414 0.0051
0.15151515151515152 0.0069
0.16161616161616163 0.01
0.17171717171717174 0.0145
0.18181818181818185 0.0157
0.19191919191919196 0.0264
0.20202020202020207 0.0363
0.21212121212121218 0.0455
0.2222222222222223 0.058
0.2323232323232324 0.0718
0.24242424242424251 0.0937
0.2525252525252526 0.1178
0.2626262626262627 0.1383
0.2727272727272728 0.1704
0.28282828282828293 0.1997
0.29292929292929304 0.2396
0.30303030303030315 0.2741
0.31313131313131326 0.3285
0.32323232323232337 0.3692
0.3333333333333335 0.4111
0.3434343434343436 0.4676
0.3535353535353537 0.5172
0.3636363636363638 0.5621
0.3737373737373739 0.6023
0.38383838383838403 0.6653
0.39393939393939414 0.6967
0.40404040404040426 0.7433
0.41414141414141437 0.7833
0.4242424242424245 0.8134
0.4343434343434346 0.8442
0.4444444444444447 0.8733
0.4545454545454548 0.8994
0.4646464646464649 0.9175
0.47474747474747503 0.9301
0.48484848484848514 0.9485
0.49494949494949525 0.9614
0.5050505050505053 0.9676
0.5151515151515154 0.9775
0.5252525252525254 0.9832
0.5353535353535355 0.9863
0.5454545454545455 0.9918
0.5555555555555556 0.9947
0.5656565656565656 0.9956
0.5757575757575757 0.9981
0.5858585858585857 0.9979
0.5959595959595958 0.9982
0.6060606060606059 0.999
0.6161616161616159 0.9996
0.626262626262626 0.9999
0.636363636363636 0.9999
0.6464646464646461 0.9999
0.6565656565656561 0.9999
0.6666666666666662 1.0
0.6767676767676762 1.0
0.6868686868686863 1.0
0.6969696969696964 0.9999
0.7070707070707064 1.0
0.7171717171717165 1.0
0.7272727272727265 1.0
0.7373737373737366 1.0
0.7474747474747466 1.0
0.7575757575757567 1.0
0.7676767676767667 1.0
0.7777777777777768 1.0
0.7878787878787868 1.0
0.7979797979797969 1.0
0.808080808080807 1.0
0.818181818181817 1.0
0.8282828282828271 1.0
0.8383838383838371 1.0
0.8484848484848472 1.0
0.8585858585858572 1.0
0.8686868686868673 1.0
0.8787878787878773 1.0
0.8888888888888874 1.0
0.8989898989898975 1.0
0.9090909090909075 1.0
0.9191919191919176 1.0
0.9292929292929276 1.0
0.9393939393939377 1.0
0.9494949494949477 1.0
0.9595959595959578 1.0
0.9696969696969678 1.0
0.9797979797979779 1.0
0.989898989898988 1.0
0.999999999999998 1.0
