0 0.0
0.010101010101010102 0.0
0.020202020202020204 0.0
0.030303030303030304 0.0
0.04040404040404041 0.0
0.05050505050505051 0.0
0.060606060606060615 0.0
0.07070707070707072 0.0
0.08080808080808081 0.0
0.09090909090909091 0.0
0.10101010101010101 0.0
0.1111111111111111 0.0
0.1212121212121212 0.0
0.1313131313131313 0.0
0.1414141414141414 0.0
0.15151515151515152 0.0
0.16161616161616163 0.0
0.17171717171717174 0.0
0.18181818181818185 0.0
0.19191919191919196 0.0
0.20202020202020207 0.0
0.21212121212121218 0.0
0.2222222222222223 0.0
0.2323232323232324 0.0
0.24242424242424251 0.0
0.2525252525252526 0.0
0.2626262626262627 0.0
0.2727272727272728 0.0
0.28282828282828293 0.0
0.29292929292929304 0.0
0.30303030303030315 0.0
0.31313131313131326 0.0
0.32323232323232337 0.0
0.3333333333333335 0.0
0.3434343434343436 0.0
0.3535353535353537 0.0
0.3636363636363638 0.0001
0.3737373737373739 0.0
0.38383838383838403 0.0001
0.39393939393939414 0.0005
0.40404040404040426 0.0006
0.41414141414141437 0.0008
0.4242424242424245 0.0018
0.4343434343434346 0.0023
0.4444444444444447 0.004
0.4545454545454548 0.0082
0.4646464646464649 0.0117
0.47474747474747503 0.0193
0.48484848484848514 0.0281
0.49494949494949525 0.0421
0.5050505050505053 0.0583
0.5151515151515154 0.0855
0.5252525252525254 0.1144
0.5353535353535355 0.1525
0.5454545454545455 0.2105
0.5555555555555556 0.2539
0.5656565656565656 0.3145
0.5757575757575757 0.3846
0.5858585858585857 0.4569
0.5959595959595958 0.5275
0.6060606060606059 0.6052
0.6161616161616159 0.6772
0.626262626262626 0.7539
0.636363636363636 0.8039
0.6464646464646461 0.8491
0.6565656565656561 0.8964
0.6666666666666662 0.9233
0.6767676767676762 0.9469
0.6868686868686863 0.9679
0.6969696969696964 0.9773
0.7070707070707064 0.9838
0.7171717171717165 0.9919
0.7272727272727265 0.9948
0.7373737373737366 0.9974
0.7474747474747466 0.998
0.7575757575757567 0.9995
0.7676767676767667 0.9998
0.7777777777777768 0.9997
0.7878787878787868 1.0
0.7979797979797969 1.0
0.808080808080807 1.0
0.818181818181817 1.0
0.8282828282828271 1.0
0.8383838383838371 1.0
0.8484848484848472 1.0
0.8585858585858572 1.0
0.8686868686868673 1.0
0.8787878787878773 1.0
0.8888888888888874 1.0
0.8989898989898975 1.0
0.9090909090909075 1.0
0.9191919191919176 1.0
0.9292929292929276 1.0
0.9393939393939377 1.0
0.9494949494949477 1.0
0.9595959595959578 1.0
0.9696969696969678 1.0
0.9797979797979779 1.0
0.989898989898988 1.0
0.999999999999998 1.0
